640879,摸鱼散人苏三望,26,1
3493110730459358,包頭otto_Z,24,1
149652883,木子不是木子狸,23,1
22589642,冰柠檬扫地机,23,1
362359061,笨蛋调试器,22,1
44614397,芒斯特五百毫升,22,1
178814141,漫游者英特,0,1
1169754262,啥都玩的zero,15,0
36092718,琉达殊tenzin,12,0
391476451,端离_PauseF,12,0
44579584,紫电NS,12,0
491378910,半笺绘梦,12,0
630889202,あなたが一番好きovo,12,0
12586930,立体角w,11,0
1404549522,本鼓,11,0
1570146264,雾影提灯,11,0
22302167,苏璐呀,11,0
402791517,霜折银杏,11,0
506420276,命微suloy,11,0
74157631,血墨霊,11,0
13509706,临秋方雨,9,0
2094570193,直播留档员,9,0
38822387,绿叶-乘-风破浪-前行,9,0
785445,鸽鹉live_大杨叔,9,0
1345381489,潜水小五酱,8,0
3546872404773702,祾九魌097_Official,8,0
382386521,羟甲氧苯羟苯并吡喃鎓,8,0
689955798,Dolphin正在观察人类,8,0
604403,三司あやせのパッド,7,0
673678561,水井244_BI7AZG,7,0
11330125,封渊洹-Liang,6,0
494317457,Schwarz0079,6,0
343746529,网友小Ber,5,0
451338243,Mosalov,5,0
1982125926,白燭葵,4,0
401964279,MUYUE壹月一,4,0
450432075,月战酪饼,4,0
609707541,Loser-Defeatism,4,0
10404349,xujiafeng12345,0,0
292824562,浩二今天吃节操,0,0
34622332,幻想-杀手,0,0
510941286,阳光男孩游城十代,0,0
